Constellation 6:
8,-4,8,7
7,-4,8,7
7,-5,7,7
7,-5,8,5

Constellation 8:
4,-6,3,-5
3,-5,2,-5
4,-4,3,-4
3,-5,0,-5
2,-4,3,-3

Constellation 9:
-4,0,8,-5
-5,0,8,-7
-4,0,8,-8

Constellation 13:
-1,-8,-6,-2
-1,-8,-6,0
-1,-8,-7,-1
-2,-8,-5,0

Constellation 16:
4,5,-3,-5
3,5,-3,-4

Constellation 18:
7,2,-5,8
6,2,-7,8
7,1,-3,8
7,2,-7,6
8,2,-7,6

Constellation 19:
-2,-4,1,3
-2,-4,0,4
-3,-4,0,3
-3,-4,1,4
-3,-3,2,4

Constellation 21:
-6,8,6,3
-7,7,6,3
-7,8,7,2
-5,6,6,3
-8,7,6,2
-8,8,6,0
-5,5,6,4

Constellation 29:
-7,-6,-6,-8
-7,-5,-6,-8

Constellation 32:
6,4,2,-3
4,4,2,-4
5,3,1,-3
5,4,3,-3
5,3,0,-3
5,0,1,-3

Constellation 39:
5,-2,-4,2
5,-3,-4,1

Constellation 48:
-8,0,-8,2
-8,0,-8,-1

Constellation 58:
2,-6,7,2
1,-6,7,2
2,-5,7,1
3,-5,7,3
3,-7,7,4

Constellation 59:
-1,3,0,6
-1,3,0,5

Constellation 62:
1,0,-8,5
1,2,-7,5
3,0,-7,5
1,2,-8,7
5,0,-7,4
2,2,-6,4

Constellation 65:
8,8,-2,-1
8,8,-4,-2
7,7,-3,-2

Constellation 68:
7,6,3,-4
5,7,3,-4
4,7,2,-5

Constellation 72:
7,-7,-3,-6
6,-8,-2,-6
7,-7,-2,-6
6,-8,-2,-8

Constellation 75:
5,-6,0,5
5,-7,0,6
5,-8,0,7
3,-7,-1,6

Constellation 83:
0,8,4,4
0,8,1,4

Constellation 88:
-8,-2,-1,-7
-8,-3,0,-7
-8,-1,0,-6
-4,0,-6,-8
-5,0,-4,-8
-4,0,-8,-8
-5,-2,-5,-8
-6,-1,-2,-8
-5,0,-3,-8
-8,-1,-2,-7
-6,0,-5,-7
-5,1,-8,-8
-4,-2,-3,-8
-2,-2,-3,-8
-8,-3,2,-7
-8,-3,1,-5
-8,0,-2,-5
-8,-3,4,-5

Constellation 90:
-4,5,-8,2
-4,6,-8,4

Constellation 91:
-8,8,0,-6
-8,7,1,-6
-7,8,-2,-6

Constellation 92:
7,-2,4,6
7,-1,4,6
7,-2,2,7
7,-3,3,7
7,-4,2,6

Constellation 96:
5,-4,8,-1
4,-6,8,-1

Constellation 99:
0,-4,3,-8
0,-5,3,-6
1,-3,3,-8

Constellation 111:
8,6,5,0
8,5,5,0

Constellation 115:
2,-4,7,-4
2,-4,7,-3

Constellation 118:
8,3,8,4
8,3,8,6

Constellation 120:
-7,-8,-2,-6
-6,-8,-3,-7
-7,-7,-1,-6
-6,-7,-4,-8

Constellation 121:
-1,-6,2,3
-2,-6,2,2

Constellation 124:
-4,-3,6,4
-4,-2,6,6

Constellation 127:
-5,-1,7,7
-6,1,7,7

Constellation 139:
4,-4,1,4
3,-3,0,4
3,-3,2,1
3,-3,2,4
3,-4,0,5
1,-3,1,4

Constellation 142:
6,1,-5,-6
8,1,-5,-6
8,1,-6,-5

Constellation 146:
-5,2,-1,-6
-5,-1,-1,-6

Constellation 148:
8,-8,8,-2
8,-8,6,-1
8,-8,8,0
6,-8,6,0
8,-8,7,2

Constellation 164:
-5,7,-4,-7
-5,7,-3,-6

Constellation 177:
5,-8,6,5
6,-8,8,5

Constellation 178:
5,-7,-5,-6
5,-8,-5,-7
5,-6,-4,-7
5,-7,-5,-4
6,-8,-5,-7
6,-6,-4,-8
5,-7,-2,-4

Constellation 185:
-1,8,2,-6
0,7,1,-6

Constellation 189:
8,-4,0,8
8,-6,0,8

Constellation 194:
6,8,-8,0
7,8,-6,0

Constellation 197:
-7,5,8,-7
-7,3,8,-7
-6,5,8,-6

Constellation 200:
-1,1,-8,-6
-1,1,-8,-8

Constellation 204:
-3,6,7,4
-3,6,8,3

Constellation 220:
-7,6,-1,-5
-5,5,-1,-5
-6,6,0,-4

Constellation 224:
4,-8,-6,-1
2,-8,-6,-1
4,-8,-7,0

Constellation 227:
-6,-7,2,-5
-7,-7,2,-4

Constellation 231:
-7,3,-4,-7
-7,4,-4,-8

Constellation 235:
6,-5,-7,-8
5,-5,-7,-8
5,-3,-7,-8
6,-7,-7,-8

Constellation 236:
-6,-3,-7,-4
-5,-2,-8,-4
-5,-1,-8,-4

Constellation 241:
4,6,4,7
2,6,4,7
3,6,3,6
3,4,2,6

Constellation 248:
8,-3,6,-8
6,-4,6,-8
8,1,4,-7
8,-2,4,-7
8,2,5,-6
7,0,4,-7
8,-2,5,-8
6,-3,3,-6
7,-3,3,-7

Constellation 250:
4,-6,7,-6
4,-6,8,-8
4,-6,6,-8
6,-7,8,-6
5,-7,6,-6
4,-7,6,-5
3,-7,8,-7
4,-8,5,-6

Constellation 253:
-7,5,0,4
-7,5,2,4

Constellation 260:
7,-7,-3,4
4,-7,-3,4

Constellation 265:
6,-3,5,8
3,-3,5,8
2,-3,4,7
1,-4,4,8
0,-7,6,7
-1,-7,8,7
-1,-3,5,6
0,-5,5,6
0,-6,4,7
0,-6,5,6
0,-5,8,6
0,-5,4,7
0,-4,4,7
2,-4,4,5
0,-6,7,5
1,-5,8,5
-1,-6,7,8

Constellation 271:
-8,8,-1,2
-7,8,-1,4
-8,8,-2,3

Constellation 278:
-7,8,-4,7
-7,6,-4,7

Constellation 279:
-3,-8,3,5
-3,-8,2,5
-5,-8,4,5
-3,-8,1,7

Constellation 285:
-2,1,-1,8
-2,1,-2,7
-3,2,-2,6

Constellation 286:
4,8,-6,3
3,8,-7,4
3,7,-8,4

Constellation 287:
5,7,0,-8
5,7,-2,-8
5,7,1,-8

Constellation 289:
5,2,0,8
5,1,1,7

Constellation 301:
-7,0,8,2
-7,-1,8,2
-7,-1,6,3

Constellation 303:
-8,-4,-1,-2
-8,-6,-1,-3
-8,-6,0,-5
-7,-5,0,-5

Constellation 304:
-2,-7,-7,2
0,-7,-7,3

Constellation 308:
8,4,-1,1
8,4,-2,2

Constellation 313:
-8,-8,3,0
-7,-8,3,2

Constellation 320:
-5,-8,0,-5
-4,-7,0,-5
-4,-7,1,-3

Constellation 328:
4,5,-6,6
5,5,-6,8

Constellation 333:
-3,2,5,-5
-2,2,6,-5
-1,2,6,-7

Constellation 339:
0,6,-5,-8
1,5,-4,-8
3,5,-4,-8

Constellation 341:
-7,3,-6,7
-7,4,-5,6

Constellation 347:
5,6,6,0
5,7,6,-1
5,7,6,0
5,7,5,-2
4,7,8,-2
5,7,7,-2

Constellation 353:
4,-3,8,7
3,-3,7,6
2,-5,7,7
3,-5,8,7

Constellation 356:
7,-6,5,8
8,-6,6,8

Constellation 362:
-4,7,-1,-4
-4,8,-1,-3
-3,7,0,-5
-2,7,0,-4
-4,8,-2,-2

Constellation 370:
0,0,8,-8
2,0,8,-8

Constellation 371:
8,4,7,-3
8,2,8,-3

Constellation 374:
2,-6,-5,6
3,-7,-5,5
3,-8,-4,5
0,-7,-4,6
0,-7,-5,5
0,-6,-3,7
0,-6,-5,8

Constellation 378:
-3,8,2,3
-1,8,2,2
5,7,-1,2
2,7,-1,2
4,7,-2,3
5,7,-2,4
4,7,-2,1
5,6,1,2
3,7,0,1
3,6,1,2
3,6,0,3
1,8,0,0
-1,8,0,1
3,8,0,0
1,7,1,2
3,5,0,5
3,7,0,6
3,7,2,3
5,7,-2,5

Constellation 383:
-1,-4,0,-8
0,-5,-1,-8
-1,-6,2,-8
-2,-6,0,-8

Constellation 393:
4,-5,4,6
5,-7,4,6

Constellation 398:
-5,-5,8,5
-6,-5,8,7

Constellation 399:
2,8,0,-5
3,8,1,-4

Constellation 406:
-5,2,-6,3
-6,2,-6,4
-5,0,-6,2
-3,1,-6,3
-6,0,-5,4
-7,-1,-5,6
-7,-1,-4,4

Constellation 412:
6,8,0,-3
5,8,-2,-3

Constellation 413:
1,3,2,-6
0,4,2,-5

Constellation 414:
6,3,-3,-4
5,3,-4,-5
5,3,-4,-3
6,2,-3,-2
5,3,-6,-6
3,4,-5,-6
3,4,-7,-7
4,3,-5,-5
3,3,-8,-8
5,5,-7,-8
3,4,-7,-8

Constellation 415:
-3,-4,4,6
-4,-4,3,5

Constellation 416:
8,4,3,4
8,5,4,3

Constellation 418:
1,-6,-8,7
1,-4,-8,6
0,-6,-8,7
2,-7,-7,7
1,-4,-7,5
0,-5,-7,5
0,-4,-6,5
7,-4,-6,4
6,-4,-5,5
6,-6,-7,4
5,-5,-7,4
5,-5,-5,4
2,-6,-6,3
2,-6,-8,4
2,-5,-7,4
2,-8,-5,3
6,-5,-5,6
7,-5,-5,7
2,-5,-7,8

Constellation 439:
-1,8,-8,-7
-1,7,-7,-7

Constellation 440:
0,8,8,-6
1,6,8,-6
1,7,7,-5
-1,7,4,-5
-1,7,3,-4
-1,7,7,-5
0,5,8,-8
1,7,8,-8

Constellation 443:
6,7,-4,8
5,7,-3,8

Constellation 445:
5,1,-2,-5
5,1,-3,-7
7,0,-2,-7
7,0,-2,-5

Constellation 449:
8,4,-5,6
8,3,-5,4

Constellation 455:
0,-3,-6,-6
0,-5,-6,-6
2,-4,-5,-6
0,-5,-5,-6
3,-5,-6,-6
0,-4,-8,-6
0,-5,-4,-7
-1,-6,-3,-6
0,-6,-2,-6
-1,-5,-5,-6
-1,-4,-5,-4

Constellation 456:
2,-8,8,7
4,-8,8,8

Constellation 459:
0,-8,-2,-8
0,-8,-3,-8

Constellation 462:
8,7,0,0
8,6,0,0

Constellation 463:
8,-3,5,-1
8,0,5,-1
8,0,6,-1

Constellation 467:
8,2,5,8
8,0,5,8

Constellation 469:
1,1,6,8
1,0,8,8

Constellation 470:
8,-3,-4,7
8,-2,-5,8

Constellation 476:
-1,0,1,8
0,0,0,8
1,0,3,7
1,2,4,7
-2,-3,5,-4
-2,-3,4,-4
2,-1,2,3
3,0,2,2
5,0,3,2
-7,-6,7,-8
-7,-5,5,-8
-7,-7,7,-7
-6,-4,5,-7
6,0,6,-6
7,-1,6,-6
6,4,7,-5
5,2,7,-5
7,5,6,-5
6,5,8,-4
5,2,5,-5
5,2,8,-4
5,1,7,-6
6,3,4,-5
7,4,6,-7
7,3,6,-8
7,8,6,-3
7,7,7,-4
8,7,5,-3
7,8,6,-5
6,2,5,-8
6,1,0,-6
6,3,0,-7
5,0,0,-6
8,0,0,-6
7,-3,0,-4
8,-4,0,-3
5,-2,0,-4
7,-6,0,-5
7,-5,0,-3
7,-2,2,-5
7,-1,3,-5
6,-1,2,-5
8,-2,0,-5
7,-3,0,-3
7,-4,0,-1
-6,-1,7,0
-5,0,7,-1
-5,0,6,0
-5,2,7,1
-5,3,7,-1
-7,-1,0,8
-6,0,0,8
-8,-1,-1,7
-6,-3,1,8
-5,-3,1,7
-6,-1,1,8
-8,-2,-1,7
-8,-3,-2,7
-3,2,-5,8
-5,1,-5,8
-6,1,-4,7
-8,0,-3,8
-6,0,-3,8
-8,0,-3,6
-5,-5,2,7
-4,-4,-4,1
-4,-4,-5,2
-7,-7,-6,7
-7,-6,-5,8
-6,-5,-6,7
-8,-6,-4,8
-5,-3,-6,8
-5,-2,-4,8
-5,-6,-6,8
-6,-4,-5,4
-6,-3,-6,5
-4,-2,-3,-1
-3,-3,-4,-1
-7,-5,-5,2
-7,-7,-6,2
-6,-3,-3,0
-8,-3,-4,0
-6,-4,-3,2
-5,-2,-3,0
-7,-3,-2,2
-7,-3,-5,2
-5,-3,-4,3
-5,-3,-3,3
-6,-4,-4,2
-6,-2,-7,5
-5,-3,-7,6
-8,-2,-8,5
-7,-6,-8,2
-7,-7,-6,0
-8,-6,-4,7
-2,-3,-5,-1
4,3,3,0
7,3,3,0
3,3,1,0
4,2,3,2
-1,-7,5,3
-1,-6,5,2
-1,-6,8,0
-2,-7,8,1
0,-5,7,-1
0,-5,8,0
0,-6,6,0
-1,-8,8,-1
-3,-7,8,1
-2,-7,6,0
-2,-6,6,1
-2,-4,2,-3
-2,-5,2,-2
-3,-7,5,-4
-3,-8,5,-3
-4,-5,5,-4
-4,-8,5,-1
-1,-5,7,-6
-2,-4,7,-7
0,-7,7,-3
-2,-8,7,-3
0,-5,6,-4
-1,-5,5,-3
0,-5,7,-5
0,-6,6,-3
0,-8,6,-4
-1,-5,2,-3
-3,-6,7,-6
-2,-2,8,-7
-2,-2,6,-8
-5,-3,3,-7
-5,-2,3,-5
-5,-4,4,-7
-4,-4,4,-8
-4,-5,5,-7
-4,-6,7,-4
-7,-6,7,-4
-4,-8,6,0
-3,-7,7,-6
-4,-8,7,2
-4,-2,6,-8
-2,-3,5,-8
1,8,5,7
1,7,5,8
-8,-5,-4,-3
-8,-5,-4,-2
7,1,-3,2
6,1,-4,2
5,0,-3,3
6,0,-4,3
7,-8,-1,-3
6,-6,-1,-3
-5,6,0,0
-3,5,0,0
-4,7,0,0
-5,8,0,-1
-6,5,0,0
-1,4,0,0
1,5,0,-1
1,3,0,-1
1,6,-1,-1
2,5,-1,-1
0,2,0,-1
0,3,0,1
0,6,-1,1
0,6,-1,4
0,4,-1,2
-4,6,-1,6
-4,8,-1,5
-1,7,0,6
-2,8,0,7
1,7,2,6
0,5,2,6
-1,7,2,6
-2,6,0,6
0,7,0,8
-1,6,0,4
-5,6,-2,6
0,6,7,7
0,6,7,6
0,6,7,8
1,7,7,6
2,7,7,6
0,5,5,6
1,6,8,5
2,8,7,7
0,5,0,7
0,5,2,3
-7,-4,-6,-1
-6,-3,-6,-1
-7,-5,-7,-2
-7,-1,-6,-1
-7,-4,-4,-2
-7,-4,-7,-1
-6,-5,-7,0
-7,3,-5,1
-7,4,-3,1
-8,1,-6,0
-7,1,-5,1
-7,1,-6,0
-7,2,-5,-1
-8,3,-6,2
-8,4,-2,0
-7,1,-3,0
-6,2,-1,0
-6,2,-2,1
-6,2,2,0
-5,5,-3,2
-5,5,-2,3
-5,3,-2,2
-6,3,-2,3
-6,1,-3,1
-6,4,-1,3
-5,3,2,-1
-6,4,5,0
-5,4,3,0
-7,-1,-3,1
-8,0,-3,1
-3,4,4,7
-4,3,3,7
1,8,-4,4
0,8,-4,5
-1,5,-3,4
0,5,-4,5
-1,5,-2,6
-1,8,-3,5
0,5,-4,7
-1,5,-4,7
3,6,-3,5
2,5,-3,6
3,5,-2,8
2,4,-2,7
2,7,-2,8
2,5,-2,7
2,7,-3,7
0,4,-2,7
0,6,7,-2
0,5,7,-1
-3,1,7,2
-4,0,6,2
-6,3,0,-2
-7,4,1,-2
-6,4,0,-2
0,3,-6,8
0,0,-6,8
0,-1,-3,6
0,-1,-4,8
3,0,-4,6
2,0,-3,5
1,0,-3,6
-1,0,-5,7
1,2,-3,6
0,2,-5,6
0,2,-4,7
1,1,-1,6
1,-1,-2,8
0,-1,0,8
-7,1,3,5
-6,0,3,4
-4,0,7,5
-1,0,7,5
-2,0,7,6
-1,2,7,6
-7,2,4,-5
-7,1,4,-4
-7,1,3,-4
-6,2,3,-4
-7,2,5,-3
-6,0,6,-6
-7,0,5,-7
-6,0,5,-4
-6,-2,5,-6
0,-1,-2,3
0,-1,-3,2
5,3,8,1
6,3,7,2
4,2,8,1
5,3,8,0
6,3,6,1
4,3,7,1
6,4,7,1
6,2,7,4
6,3,6,7
6,3,4,6
6,3,6,4
5,3,3,5
4,3,4,5
5,3,2,5
2,3,5,5
3,3,6,5
1,2,4,5
-6,-4,4,0
-4,-4,5,0
-7,-5,5,0
-7,-4,6,0
-7,-3,5,0
-8,-4,2,2
-8,-4,4,1
6,2,0,-1
6,2,-1,1
7,-6,2,0
7,-6,0,1
5,-8,2,1
7,-8,2,0
7,-6,3,-1
8,-5,3,0
0,-5,0,8
-1,-7,0,8
-3,-5,0,8
1,-5,0,6
-1,-7,0,5
-1,-6,0,6
-5,-7,0,5
-5,-8,-1,5
-5,-7,0,2
-3,-6,0,5
-4,-8,-2,6
-4,-8,-2,4
-4,-8,-3,5
-2,-6,-1,5
-5,-7,1,0
2,3,0,4
2,4,1,3
3,2,0,3
3,1,0,4
4,3,0,4
2,4,2,1
6,3,0,3
6,2,-1,4
6,3,0,6
7,0,0,5
8,0,0,3
5,0,-1,5
6,0,1,4
7,3,0,5
6,1,0,4
8,1,1,3
6,2,-2,3
6,3,0,0
6,4,-1,4
7,5,0,3
4,0,-1,5
2,-7,1,0
3,-7,0,0
-2,-8,-1,0
-2,-8,1,0
-2,-7,0,1
-2,-6,0,0
0,-7,-1,0
0,-7,1,0
-5,-8,1,0
0,-8,1,1
1,-7,0,-1
2,-7,0,0
2,-6,0,-1
-4,-8,0,1
-4,-7,0,0
-2,-5,0,0
0,-2,-5,1
2,-2,-5,0
0,1,-5,0
-1,2,-4,0
0,3,5,0
1,3,5,0
3,0,0,0
2,-1,0,1
4,0,-2,1
2,1,-2,1
3,1,-2,0
2,1,0,0
3,2,0,0
6,0,0,0
0,-3,-1,0
0,-2,0,0
-3,-3,-1,0
0,-2,-2,-1
1,-2,-2,0
-1,-3,-2,0
0,-5,0,0
0,-2,-3,0
-1,-5,-3,-1
0,-5,-2,0
0,-5,-7,0
0,-3,-7,0
0,-3,-7,-1
0,-4,-7,-1
0,-5,-4,0
0,-5,-8,2
5,-5,-2,-1
4,-5,-3,0
7,-5,-2,0
4,-2,-1,0
4,-4,-2,0
2,-2,-2,0
2,-3,-1,0
4,-1,1,0
3,-5,-2,0
5,-5,0,-1
5,-5,-3,-1
4,-7,-3,-1
7,-4,-3,0
8,-2,-2,2
7,-2,-2,1
8,-1,-2,2
7,-4,-2,2
8,-2,-1,1
7,-5,-4,0
7,-6,0,0
-3,-2,0,0
-3,-4,1,0
-2,0,4,2
-2,0,4,0
-2,-1,3,3
-2,1,5,1
-2,0,2,0
-1,1,4,0
0,1,4,0
-3,-1,4,-1
-3,0,0,0
-2,-2,2,-1
-1,0,1,0
-2,1,1,0
-1,1,1,0
-2,0,-2,0
-3,1,-2,0
-3,0,-3,2
-3,0,-4,0
-4,0,-3,3
0,0,-3,2
-3,2,-3,2
-2,0,-1,2
-3,0,-4,4
-5,-1,-3,2
-2,0,-3,2
2,0,-3,-1
1,0,-3,-2
0,0,-3,0
-1,0,-3,-3
0,2,-3,-2
-2,-2,0,0
7,-4,-3,-2
7,-3,-5,0
-1,-2,0,-2
1,-2,0,1
-1,-3,3,3
-3,-1,2,2
0,3,6,1
0,1,2,1
0,-4,0,-2
-1,0,0,-1
-2,-3,-1,-2
-1,-2,2,-2
1,-3,-7,-2
2,0,6,3
2,0,7,2
1,1,5,2
1,2,4,1
2,1,6,3
2,3,6,3
3,1,6,4
3,3,5,1
-2,-5,0,-1
3,-6,-1,-1
6,-7,0,0
3,-7,-2,1
-4,-2,2,2
-3,-6,3,0
-4,-5,3,-1
-3,-4,3,0
-3,-4,3,-1
-5,-5,1,-1
2,-1,-6,0
2,-3,-3,0
6,3,-6,0
7,3,-6,2
7,3,-6,0
5,-4,-7,0
5,-2,-8,0
6,-6,-7,0
3,-4,-8,0
5,-5,-8,-1
5,-5,-6,0
4,0,-5,0
4,1,-5,0
4,1,-4,0
3,0,-6,1
4,-2,-6,0
6,1,-5,-1
3,1,-5,-2
4,2,-3,0
4,3,-6,0
6,-7,-6,0
8,-6,-7,0
7,4,-7,0
6,1,-7,-1
5,1,0,-1
6,1,0,0
-3,-5,-1,7
1,0,0,4
0,-3,-5,-2
8,4,-1,5
8,6,0,5
8,4,-1,6
2,-5,2,6
0,-6,1,6
-2,1,5,4
-3,0,4,6
-4,0,4,7
-2,1,4,5
-3,0,2,6
-3,1,3,7
-3,0,5,4
-4,0,4,4
-3,2,5,4
-1,1,7,4
-3,2,-1,-1
6,-1,0,0
7,-7,-3,-1
-6,-8,0,0
2,4,5,3
0,-3,1,-3
1,-4,0,-3
6,0,-1,2
8,6,-4,0
6,6,-3,0
8,4,-4,0
8,3,-4,1
6,2,-4,1
5,5,-2,0
8,-8,1,1
4,3,-3,4
3,3,6,3
-2,2,5,1
-2,-2,7,2
-2,-1,7,1
0,-2,6,2
-3,-2,7,1
-1,-2,6,3
0,-1,6,1
-2,1,8,1
0,-1,7,3
1,-3,6,3
0,-8,1,-2
-1,-7,1,-2
0,-7,4,0
-6,-5,-1,7
-6,-5,-1,4
-6,-5,-1,5
-6,-4,0,-1
-5,-5,-2,-2
-5,-5,1,-2
-7,-3,0,-1
-4,0,4,-3
-3,0,4,-3
-7,1,0,2
-7,0,0,3
-7,0,3,0
-8,0,3,-2
-7,0,1,1
-5,1,0,3
-6,-2,0,3
-6,0,2,-2
-6,1,3,-2
-5,0,2,-6
-5,0,2,-3
-4,2,5,-2
-5,0,5,-2
-8,1,2,1
-7,3,1,1
-7,0,-1,-1
-7,1,0,-2
-6,-1,0,-1
-8,0,0,0
-4,2,0,2
-3,-2,-1,8
-3,-1,-1,7
-4,-1,0,6
-4,-3,0,7
-4,-1,0,3
2,-1,-2,4
0,-3,-2,4
-4,1,2,6
8,3,0,7
-4,2,-4,0
-8,2,0,-1
-3,0,-6,0
0,0,1,5
-1,3,6,5
-4,3,0,1
-3,-1,-4,5
-8,0,2,-5
-8,1,3,-6
-7,0,1,-5
2,-4,0,0
1,-5,0,0
5,-8,-2,0
6,-8,-1,-1
-5,2,3,4
3,5,5,2
0,-5,0,1
-3,-5,0,-2
0,-7,0,-3
1,3,-3,3
0,2,-3,3
0,1,-4,4
0,1,-4,3
5,3,-2,2
-2,6,5,2
-4,7,5,2
-2,6,6,0
-2,6,4,4
-2,6,5,1
-4,6,5,0
-5,6,5,-2
-2,4,7,0
-4,6,6,0
-1,4,6,-1
-3,4,7,2
3,-5,-6,0
1,4,8,0
3,4,8,-1
2,7,5,0
2,7,8,0
2,5,7,0
-2,-2,-3,1
3,-2,-6,2
-2,2,-5,5
0,-7,4,1
6,-1,7,4
-2,0,-7,7
2,-1,-8,0
5,4,-3,4
6,0,-7,0
-4,0,3,8
1,4,6,-5
0,4,6,-3
0,5,5,3
8,-6,5,0
6,-5,5,0
-5,7,3,0
2,5,-1,-3
2,3,-1,-4
-2,-1,2,6
1,7,4,-8
1,5,3,-8
0,7,3,-8
-2,0,-8,-3
-1,0,-8,-3
-1,0,-8,-1
1,0,5,-4
0,0,6,-4
1,0,4,-5
1,0,4,-4
2,0,5,-2
0,2,5,-4
1,1,5,-6
1,1,4,-3
1,0,3,-5
-2,0,8,-3
-1,0,8,-4
-2,1,8,-4
0,3,5,-6
0,-1,2,-6
1,0,2,-5
0,-1,3,-3
1,-1,3,-5
0,-1,2,-4
-1,-1,4,-2
0,-2,2,-5
0,-2,5,-6
1,-2,6,-5
0,-1,5,-6
0,1,5,-6
0,0,-7,-5
0,0,-6,-5
0,0,-2,-5
-1,0,0,-5
0,0,-4,-5
1,0,-2,-5
1,0,-1,-5
0,-1,-1,-6
0,-1,-6,-4
0,0,-6,-3
3,0,3,-5
3,-1,3,-6
2,0,2,-5
3,0,2,-7
-1,0,3,-5
0,0,-6,-2
1,-1,-5,-5
-2,1,-1,-5
-1,-1,0,-5
0,2,0,-7
0,3,-1,-8
0,0,0,-7
2,5,0,-8
1,6,0,-7
2,4,-1,-8
2,6,-2,-7
1,6,-1,-5
-1,6,0,-7
1,6,2,-8
1,7,-2,-8
0,8,-2,-8
-2,0,0,-4
-3,-3,0,-4
-3,-2,-1,-3
-1,-3,0,-5
2,6,-2,-6
3,6,-1,-6
-2,1,-1,-3
1,1,6,-2
2,1,8,-1
1,1,8,-1
2,1,8,-4
0,6,4,-8
-2,6,1,-8
-2,5,1,-7
1,-3,4,-4
4,-1,5,-2
2,-2,3,0
2,0,3,-1
2,-1,5,-1
5,0,5,-2
3,-1,6,-2
4,0,-2,-8
4,2,-2,-8
3,0,-2,-7
3,0,-3,-8
1,0,-5,-8
0,2,-5,-8
4,-1,-5,-8
4,0,-5,-8
1,-2,-5,-7
1,0,-4,-7
3,0,8,-3
4,0,8,-4
5,-1,1,-8
5,0,2,-8
4,-1,1,-8
-1,-2,6,-2
-4,-2,-2,-4
-3,-1,-2,-4
4,5,1,-2
4,5,0,0
4,-2,7,-1
4,-1,6,0
3,1,6,0
3,-3,5,-2
7,-1,7,2
-3,1,0,5
-2,1,-1,4
4,0,4,0
5,-1,2,5
5,-1,4,4
6,-3,4,1
6,-3,2,0
6,-3,6,2
5,-1,4,1
5,-2,5,1
4,-2,5,3
0,3,-3,-4
-6,4,-5,-1
-2,2,1,3
0,2,1,3
-2,4,1,4
-3,2,2,4
-4,4,1,6
-5,4,1,4
-5,8,0,2
-4,5,6,-6
-4,3,7,-6
-4,4,6,-4
-5,6,6,-5
-3,3,7,-4
-4,3,4,-6
-4,4,8,-2
-3,3,7,-2
1,1,2,-2
0,-6,-4,-2
-7,-7,-1,4
5,-1,6,0
2,4,-2,-1
4,-5,1,0
-2,3,-2,4
1,8,1,8
0,8,2,8
-3,1,2,2
5,1,3,-2
-8,5,-7,2
0,4,3,2
2,2,0,-4
3,3,-2,-3
-6,5,2,1
-7,6,6,-6
0,5,-6,2
0,5,-8,1
0,5,-7,4
0,5,-5,1
-3,8,-6,1
-2,8,-7,1
-2,8,-5,2
0,7,-7,1
-2,8,-7,-1
-3,6,-6,3
-2,6,-6,2
1,5,-5,2
0,5,-8,4
0,5,-8,-2
0,2,-8,1
0,4,-8,5
0,5,-8,7
0,5,-7,-3
-2,5,-8,7
3,5,-7,-3
2,7,-8,1
2,8,-8,0
2,4,-8,-1
2,4,-7,-2
-5,6,-7,0
-3,5,-7,0
-4,4,-6,0
-4,4,-7,-4
-3,4,-7,-4
-6,3,-7,-4
-5,3,-7,-5
-4,5,-4,-2
-4,5,-3,-2
-4,5,-5,-4
-4,3,-4,-1
-4,4,-7,-2
-3,5,-5,1
-2,6,-3,-2
-6,3,-7,-5
-7,2,-8,-4
-4,6,-5,1
-8,2,-4,-5
-7,2,-6,-5
1,2,-8,0
-4,1,-7,-5
-6,4,-4,-1
7,-6,-6,-5
7,-6,-5,-5
6,-2,-4,-4
6,-2,-6,-4
4,-3,-4,-4
6,-5,-6,-4
8,-2,-6,-3
8,-8,-6,-2
7,-6,-6,-2
8,-7,-7,-2
8,-5,-8,1
6,-5,7,1
-3,5,3,-6
-1,5,3,-6
-4,4,3,-7

Constellation 477:
-5,7,7,8
-5,7,7,6
-5,7,8,4
-4,4,6,6
-4,7,6,6

There are 310 constellations.
